872140 20000103  73.1   53.3   9999.9 
872140 20000111  78.4   66.2   9999.9 
872140 20000112  76.1   67.1   9999.9 
872140 20000113  77.0   67.3   9999.9 
872140 20000114  76.1   65.0   9999.9 
872140 20000119  79.7   63.1   9999.9 
872140 20000120  79.5   66.6   9999.9 
872140 20000121  84.6   69.8   9999.9 
872140 20000123  82.0   56.5   9999.9 
872140 20000228  73.9   48.2   9999.9 
872140 20000229  73.4   41.6   9999.9 
872140 20000303  75.8   53.3   9999.9 
872140 20000307  70.7   57.7   9999.9 
872140 20000310  75.2   53.2   9999.9 
872140 20000313  81.1   52.2   9999.9 
872140 20000325  73.9   52.7   9999.9 
872140 20000328  66.9   33.1   9999.9 
872140 20000402  65.8   50.4   9999.9 
872140 20000404  64.0   52.7   9999.9 
872140 20000406  74.8   53.2   9999.9 
872140 20000409  80.2   58.5   9999.9 
872140 20000415  65.4   52.1   9999.9 
872140 20000418  55.1   40.7   9999.9 
872140 20000419  60.8   45.7   9999.9 
872140 20000424  79.5   45.0   9999.9 
872140 20000506  63.0   37.4   9999.9 
872140 20000509  53.6   36.5   9999.9 
872140 20000512  57.8   39.2   9999.9 
872140 20000513  58.6   42.1   9999.9 
872140 20000520  54.3   30.4   9999.9 
872140 20000527  58.1   34.7   9999.9 
872140 20000603  58.1   31.6   9999.9 
872140 20000605  46.4   31.3   9999.9 
872140 20000608  63.7   23.6   9999.9 
872140 20000611  59.9   28.7   9999.9 
872140 20000614  63.1   54.1   9999.9 
872140 20000617  38.9   36.2   9999.9 
872140 20000618  38.8   34.5   9999.9 
872140 20000620  47.1   36.7   9999.9 
872140 20000623  49.6   40.1   9999.9 
872140 20000626  61.1   40.0   9999.9 
872140 20000705  49.1   37.4   9999.9 
872140 20000708  45.7   41.7   9999.9 
872140 20000723  51.8   36.7   9999.9 
872140 20000729  48.6   39.2   9999.9 
872140 20000801  63.4   32.3   9999.9 
872140 20000807  74.6   39.2   9999.9 
872140 20000816  64.0   38.3   9999.9 
872140 20000818  73.8   46.0   9999.9 
872140 20000825  57.7   36.5   9999.9 
872140 20000826  55.7   36.8   9999.9 
872140 20000905  66.9   45.0   9999.9 
872140 20000906  68.0   42.0   9999.9 
872140 20000907  76.3   42.1   9999.9 
872140 20000908  76.1   46.4   9999.9 
872140 20000911  60.4   37.0   9999.9 
872140 20000914  42.4   30.2   9999.9 
872140 20000915  46.0   31.3   9999.9 
872140 20000917  62.6   34.2   9999.9 
872140 20000919  73.4   42.4   9999.9 
872140 20000920  75.7   29.2   9999.9 
872140 20000921  68.4   51.4   9999.9 
872140 20000922  63.3   52.9   9999.9 
872140 20000923  69.8   55.4   9999.9 
872140 20000929  83.1   53.2   9999.9 
